{
  "nbformat": 4,
  "nbformat_minor": 0,
  "metadata": {
    "colab": {
      "name": "DL-Tensor-Pytorch.ipynb",
      "provenance": [],
      "authorship_tag": "ABX9TyOJZzdQBShQ9x+OmGn1iZXJ",
      "include_colab_link": true
    },
    "kernelspec": {
      "name": "python3",
      "display_name": "Python 3"
    },
    "language_info": {
      "name": "python"
    }
  },
  "cells": [
    {
      "cell_type": "markdown",
      "metadata": {
        "id": "view-in-github",
        "colab_type": "text"
      },
      "source": [
        "<a href=\"https://colab.research.google.com/github/Karishma-Kuria/ML-Pytorch-Tensor/blob/main/DL_Tensor_Pytorch.ipynb\" target=\"_parent\"><img src=\"https://colab.research.google.com/assets/colab-badge.svg\" alt=\"Open In Colab\"/></a>"
      ]
    },
    {
      "cell_type": "markdown",
      "source": [
        "## **Tensors using Pytorch**"
      ],
      "metadata": {
        "id": "Huv28pheTaUi"
      }
    },
    {
      "cell_type": "markdown",
      "source": [
        "Pytorch is popular DL library used for manupulating tensors.\n"
      ],
      "metadata": {
        "id": "qAm5HvJmTBY0"
      }
    },
    {
      "cell_type": "code",
      "execution_count": 88,
      "metadata": {
        "id": "d_fGaMj9TyEg"
      },
      "outputs": [],
      "source": [
        "# importing relevant libraries\n",
        "import numpy as np\n",
        "import torch"
      ]
    },
    {
      "cell_type": "code",
      "source": [
        "# 1 D tensor \n",
        "a = torch.ones(5)\n",
        "print('1 D tensor: \\n',a)"
      ],
      "metadata": {
        "colab": {
          "base_uri": "https://localhost:8080/"
        },
        "id": "TDjcU5s1VUYy",
        "outputId": "cb052c05-16cc-48fe-c9b2-85ce092370b9"
      },
      "execution_count": 89,
      "outputs": [
        {
          "output_type": "stream",
          "name": "stdout",
          "text": [
            "1 D tensor: \n",
            " tensor([1., 1., 1., 1., 1.])\n"
          ]
        }
      ]
    },
    {
      "cell_type": "code",
      "source": [
        "# 2 D tensor\n",
        "b = torch.tensor([[1, 2, 3, 4], \n",
        "                  [3, 4 , 6, 7], [3, 4, 5, 7]])\n",
        "print('2 D tensor: \\n', b, '\\n')\n",
        "\n",
        "# prints the dimension of input tensor\n",
        "print(b.size())"
      ],
      "metadata": {
        "colab": {
          "base_uri": "https://localhost:8080/"
        },
        "id": "2s1EJzdoVrqo",
        "outputId": "80f640ef-d9ae-46fa-af90-5438f328ed8b"
      },
      "execution_count": 90,
      "outputs": [
        {
          "output_type": "stream",
          "name": "stdout",
          "text": [
            "2 D tensor: \n",
            " tensor([[1, 2, 3, 4],\n",
            "        [3, 4, 6, 7],\n",
            "        [3, 4, 5, 7]]) \n",
            "\n",
            "torch.Size([3, 4])\n"
          ]
        }
      ]
    },
    {
      "cell_type": "markdown",
      "source": [
        "### **Accesing elements of 2 D tensors**"
      ],
      "metadata": {
        "id": "nQNS6xrKWwbL"
      }
    },
    {
      "cell_type": "code",
      "source": [
        "# creating a float tensor\n",
        "b = torch.FloatTensor([[1.9, 2.0, 3.4, 4.0], \n",
        "                  [3.0, 4.4 , 6.4, 7.6], [3.2, 4.1, 5.1, 7.0]])\n",
        "print(b, '\\n')\n",
        "# print the first row\n",
        "print('The first row of tensor is: \\n',b[0], '\\n')"
      ],
      "metadata": {
        "colab": {
          "base_uri": "https://localhost:8080/"
        },
        "id": "t4Y_Mj_FW25D",
        "outputId": "6e1b77ec-8553-41b2-890c-cf26ee58492c"
      },
      "execution_count": 91,
      "outputs": [
        {
          "output_type": "stream",
          "name": "stdout",
          "text": [
            "tensor([[1.9000, 2.0000, 3.4000, 4.0000],\n",
            "        [3.0000, 4.4000, 6.4000, 7.6000],\n",
            "        [3.2000, 4.1000, 5.1000, 7.0000]]) \n",
            "\n",
            "The first row of tensor is: \n",
            " tensor([1.9000, 2.0000, 3.4000, 4.0000]) \n",
            "\n"
          ]
        }
      ]
    },
    {
      "cell_type": "markdown",
      "source": [
        "### **Various Datatypes of tensor.**"
      ],
      "metadata": {
        "id": "MU3TP_yGaJly"
      }
    },
    {
      "cell_type": "code",
      "source": [
        "from torch._C import dtype\n",
        "double_tensor = torch.ones(12,4, dtype= torch.double)\n",
        "short_tensor = torch.tensor([[1,3], [2,4]], dtype= torch.short)\n",
        "print('Double datatype tensor \\n', double_tensor, '\\n')\n",
        "print('Short datatype tensor \\n', short_tensor, '\\n')"
      ],
      "metadata": {
        "colab": {
          "base_uri": "https://localhost:8080/"
        },
        "id": "8lkOBQSBaNoY",
        "outputId": "9f5fdf95-2c40-42b7-e98c-744e7e439151"
      },
      "execution_count": 92,
      "outputs": [
        {
          "output_type": "stream",
          "name": "stdout",
          "text": [
            "Double datatype tensor \n",
            " tensor([[1., 1., 1., 1.],\n",
            "        [1., 1., 1., 1.],\n",
            "        [1., 1., 1., 1.],\n",
            "        [1., 1., 1., 1.],\n",
            "        [1., 1., 1., 1.],\n",
            "        [1., 1., 1., 1.],\n",
            "        [1., 1., 1., 1.],\n",
            "        [1., 1., 1., 1.],\n",
            "        [1., 1., 1., 1.],\n",
            "        [1., 1., 1., 1.],\n",
            "        [1., 1., 1., 1.],\n",
            "        [1., 1., 1., 1.]], dtype=torch.float64) \n",
            "\n",
            "Short datatype tensor \n",
            " tensor([[1, 3],\n",
            "        [2, 4]], dtype=torch.int16) \n",
            "\n"
          ]
        }
      ]
    },
    {
      "cell_type": "code",
      "source": [
        "# casting the output of the tensor using the right cast \n",
        "double_tensor_val = torch.ones(12,4).double()\n",
        "short_tensor_val = torch.ones(10,2).short()\n",
        "print('Double Tensor',double_tensor_val, '\\n')\n",
        "print('Short datatype tensor',short_tensor_val)"
      ],
      "metadata": {
        "colab": {
          "base_uri": "https://localhost:8080/"
        },
        "id": "qkAs_pPubFa6",
        "outputId": "174b4ded-501a-4e01-a289-5523d7e78e37"
      },
      "execution_count": 93,
      "outputs": [
        {
          "output_type": "stream",
          "name": "stdout",
          "text": [
            "Double Tensor tensor([[1., 1., 1., 1.],\n",
            "        [1., 1., 1., 1.],\n",
            "        [1., 1., 1., 1.],\n",
            "        [1., 1., 1., 1.],\n",
            "        [1., 1., 1., 1.],\n",
            "        [1., 1., 1., 1.],\n",
            "        [1., 1., 1., 1.],\n",
            "        [1., 1., 1., 1.],\n",
            "        [1., 1., 1., 1.],\n",
            "        [1., 1., 1., 1.],\n",
            "        [1., 1., 1., 1.],\n",
            "        [1., 1., 1., 1.]], dtype=torch.float64) \n",
            "\n",
            "Short datatype tensor tensor([[1, 1],\n",
            "        [1, 1],\n",
            "        [1, 1],\n",
            "        [1, 1],\n",
            "        [1, 1],\n",
            "        [1, 1],\n",
            "        [1, 1],\n",
            "        [1, 1],\n",
            "        [1, 1],\n",
            "        [1, 1]], dtype=torch.int16)\n"
          ]
        }
      ]
    },
    {
      "cell_type": "markdown",
      "source": [
        "### **Tensor Storage**"
      ],
      "metadata": {
        "id": "XWJ6pj0Htxu9"
      }
    },
    {
      "cell_type": "code",
      "source": [
        "# checking the storage for the above tensor\n",
        "print('Storage of the tensor \\n',b.storage(),'\\n')\n",
        "# print storage of second row\n",
        "print('Storage of the second row of tensor \\n',b[1].storage())"
      ],
      "metadata": {
        "colab": {
          "base_uri": "https://localhost:8080/"
        },
        "id": "0afoU1I6XnW7",
        "outputId": "39c45aff-d6e8-42be-ab41-417444b81748"
      },
      "execution_count": 94,
      "outputs": [
        {
          "output_type": "stream",
          "name": "stdout",
          "text": [
            "Storage of the tensor \n",
            "  1.899999976158142\n",
            " 2.0\n",
            " 3.4000000953674316\n",
            " 4.0\n",
            " 3.0\n",
            " 4.400000095367432\n",
            " 6.400000095367432\n",
            " 7.599999904632568\n",
            " 3.200000047683716\n",
            " 4.099999904632568\n",
            " 5.099999904632568\n",
            " 7.0\n",
            "[torch.FloatStorage of size 12] \n",
            "\n",
            "Storage of the second row of tensor \n",
            "  1.899999976158142\n",
            " 2.0\n",
            " 3.4000000953674316\n",
            " 4.0\n",
            " 3.0\n",
            " 4.400000095367432\n",
            " 6.400000095367432\n",
            " 7.599999904632568\n",
            " 3.200000047683716\n",
            " 4.099999904632568\n",
            " 5.099999904632568\n",
            " 7.0\n",
            "[torch.FloatStorage of size 12]\n"
          ]
        }
      ]
    },
    {
      "cell_type": "markdown",
      "source": [
        "### **Subtensor**: It has one less dimension while it indexes the same storage as the original tensor. If the subtensor is changed it has effect on the main tensor also."
      ],
      "metadata": {
        "id": "7K0fT_CHYYO4"
      }
    },
    {
      "cell_type": "code",
      "source": [
        "second_tensor = b[1]\n",
        "second_tensor[0] = 10.2\n",
        "print('Parent tensor \\n', b)"
      ],
      "metadata": {
        "colab": {
          "base_uri": "https://localhost:8080/"
        },
        "id": "ZXF4QO8GYuCW",
        "outputId": "af20f653-d675-413d-d368-fa50f03a44f9"
      },
      "execution_count": 95,
      "outputs": [
        {
          "output_type": "stream",
          "name": "stdout",
          "text": [
            "Parent tensor \n",
            " tensor([[ 1.9000,  2.0000,  3.4000,  4.0000],\n",
            "        [10.2000,  4.4000,  6.4000,  7.6000],\n",
            "        [ 3.2000,  4.1000,  5.1000,  7.0000]])\n"
          ]
        }
      ]
    },
    {
      "cell_type": "markdown",
      "source": [
        "As seen in the above output the value is changed of the first element of row 2."
      ],
      "metadata": {
        "id": "hXT7XqlWZHp6"
      }
    },
    {
      "cell_type": "markdown",
      "source": [
        "### **Cloning tensor**"
      ],
      "metadata": {
        "id": "dky1FUGjZYM6"
      }
    },
    {
      "cell_type": "code",
      "source": [
        "new_tensor = b[1].clone()\n",
        "new_tensor[0] = 9.0\n",
        "print('Parent tensor \\n', b)\n",
        "print('New tensor with changes value \\n', new_tensor)"
      ],
      "metadata": {
        "colab": {
          "base_uri": "https://localhost:8080/"
        },
        "id": "O4ben2Q3Zbnf",
        "outputId": "3e9b3c59-65fb-4cef-de36-a6f504ac12a8"
      },
      "execution_count": 96,
      "outputs": [
        {
          "output_type": "stream",
          "name": "stdout",
          "text": [
            "Parent tensor \n",
            " tensor([[ 1.9000,  2.0000,  3.4000,  4.0000],\n",
            "        [10.2000,  4.4000,  6.4000,  7.6000],\n",
            "        [ 3.2000,  4.1000,  5.1000,  7.0000]])\n",
            "New tensor with changes value \n",
            " tensor([9.0000, 4.4000, 6.4000, 7.6000])\n"
          ]
        }
      ]
    },
    {
      "cell_type": "markdown",
      "source": [
        "## **Broadcasting**"
      ],
      "metadata": {
        "id": "1-i0cvl4cXSw"
      }
    },
    {
      "cell_type": "markdown",
      "source": [
        "If the number of elements in the 2 arrays is not same, operations on these 2 arrays is still possible using broadcasting.\n",
        "The smaller array is made similar to the bigger array so that the operations are successful."
      ],
      "metadata": {
        "id": "Rj_yD4uocbE2"
      }
    },
    {
      "cell_type": "code",
      "source": [
        "# performing addition on different shaped arrays to see the effect of broadcasting\n",
        "a = torch.empty(4,1,4,1)\n",
        "b = torch.empty( 2,1,1)\n",
        "(a+b).size()"
      ],
      "metadata": {
        "colab": {
          "base_uri": "https://localhost:8080/"
        },
        "id": "PbwqVGBjctIi",
        "outputId": "c4790066-73ee-4b1c-b7a7-4683e50dbfe5"
      },
      "execution_count": 97,
      "outputs": [
        {
          "output_type": "execute_result",
          "data": {
            "text/plain": [
              "torch.Size([4, 2, 4, 1])"
            ]
          },
          "metadata": {},
          "execution_count": 97
        }
      ]
    },
    {
      "cell_type": "markdown",
      "source": [
        "### **Outer product with Broadcasting**"
      ],
      "metadata": {
        "id": "GraPcaqjd8JO"
      }
    },
    {
      "cell_type": "code",
      "source": [
        "# doing the outer addition operation in 1 D array\n",
        "a = np.array([1,2,3,4])\n",
        "b = np.array([4,5,6])\n",
        "a[:, np.newaxis] + b"
      ],
      "metadata": {
        "colab": {
          "base_uri": "https://localhost:8080/"
        },
        "id": "gkiRiqYAeA2b",
        "outputId": "cbd64ede-0165-430b-f52e-c144bffab2f5"
      },
      "execution_count": 98,
      "outputs": [
        {
          "output_type": "execute_result",
          "data": {
            "text/plain": [
              "array([[ 5,  6,  7],\n",
              "       [ 6,  7,  8],\n",
              "       [ 7,  8,  9],\n",
              "       [ 8,  9, 10]])"
            ]
          },
          "metadata": {},
          "execution_count": 98
        }
      ]
    },
    {
      "cell_type": "markdown",
      "source": [
        "In the above operation the **newaxis** adds a new axis into a array making it 4X1 array and combining it with b which is has size (3,) to make 4X3 resultant array."
      ],
      "metadata": {
        "id": "fOWeqJpfenhM"
      }
    },
    {
      "cell_type": "markdown",
      "source": [
        "### **Mathematical Operations on Tensor**"
      ],
      "metadata": {
        "id": "1lNveOXCf82n"
      }
    },
    {
      "cell_type": "code",
      "source": [
        "# initialize tensors\n",
        "a = torch.tensor([[1,12,3],\n",
        "                    [4,15,6],\n",
        "                    [6,17,8]])\n",
        "b = torch.tensor([[10,20,30],\n",
        "                    [40,50,60],\n",
        "                    [60,70,80]])\n",
        "print(a,'\\n')\n",
        "print(b)"
      ],
      "metadata": {
        "colab": {
          "base_uri": "https://localhost:8080/"
        },
        "id": "sA-f8B8IgIZw",
        "outputId": "515dd317-411a-4ef9-e248-c90af06e8abc"
      },
      "execution_count": 99,
      "outputs": [
        {
          "output_type": "stream",
          "name": "stdout",
          "text": [
            "tensor([[ 1, 12,  3],\n",
            "        [ 4, 15,  6],\n",
            "        [ 6, 17,  8]]) \n",
            "\n",
            "tensor([[10, 20, 30],\n",
            "        [40, 50, 60],\n",
            "        [60, 70, 80]])\n"
          ]
        }
      ]
    },
    {
      "cell_type": "code",
      "source": [
        "# addition\n",
        "print('The resultant matrix after addition is: \\n',torch.add(a,b))"
      ],
      "metadata": {
        "colab": {
          "base_uri": "https://localhost:8080/"
        },
        "id": "AouRBQd2hG4r",
        "outputId": "69dcc990-86fb-44ac-8bb3-8c5bf04f90b5"
      },
      "execution_count": 100,
      "outputs": [
        {
          "output_type": "stream",
          "name": "stdout",
          "text": [
            "The resultant matrix after addition is: \n",
            " tensor([[11, 32, 33],\n",
            "        [44, 65, 66],\n",
            "        [66, 87, 88]])\n"
          ]
        }
      ]
    },
    {
      "cell_type": "code",
      "source": [
        "# substraction\n",
        "print('The resultant matrix after substraction is: \\n',torch.sub(a,b))"
      ],
      "metadata": {
        "colab": {
          "base_uri": "https://localhost:8080/"
        },
        "id": "VkkjGP2Phdhz",
        "outputId": "ea23da51-c046-422f-ec79-e6b71b368115"
      },
      "execution_count": 101,
      "outputs": [
        {
          "output_type": "stream",
          "name": "stdout",
          "text": [
            "The resultant matrix after substraction is: \n",
            " tensor([[ -9,  -8, -27],\n",
            "        [-36, -35, -54],\n",
            "        [-54, -53, -72]])\n"
          ]
        }
      ]
    },
    {
      "cell_type": "code",
      "source": [
        "# multiplication\n",
        "# perform non- element wise matrix multiplication.\n",
        "x = torch.mm(a, b)\n",
        "# using @ operator performs the same operation as torch.mm\n",
        "y = a@b\n",
        "print(x, '\\n')\n",
        "print(y)"
      ],
      "metadata": {
        "colab": {
          "base_uri": "https://localhost:8080/"
        },
        "id": "xjGGw2uph92x",
        "outputId": "79663a68-b6ac-49e2-dc36-5bbed3ed1839"
      },
      "execution_count": 102,
      "outputs": [
        {
          "output_type": "stream",
          "name": "stdout",
          "text": [
            "tensor([[ 670,  830,  990],\n",
            "        [1000, 1250, 1500],\n",
            "        [1220, 1530, 1840]]) \n",
            "\n",
            "tensor([[ 670,  830,  990],\n",
            "        [1000, 1250, 1500],\n",
            "        [1220, 1530, 1840]])\n"
          ]
        }
      ]
    },
    {
      "cell_type": "markdown",
      "source": [
        "***torch.mm*** is used to perform matrix multiplication of any two input arrays which is not element wise."
      ],
      "metadata": {
        "id": "n4FbnIHGjuMK"
      }
    },
    {
      "cell_type": "code",
      "source": [
        "# perfoming element wise multiplication\n",
        "# all of these 3 approaches perform the same operation\n",
        "x1 = torch.mul(a, b)\n",
        "y1 = a * b\n",
        "z1 = a.mul(b)\n",
        "print(x1,'\\n')\n",
        "print(y1,'\\n')\n",
        "print(z1,'\\n')"
      ],
      "metadata": {
        "colab": {
          "base_uri": "https://localhost:8080/"
        },
        "id": "CxYmWrzqlqVy",
        "outputId": "21fb1414-1c99-4e78-a5ec-98674986412a"
      },
      "execution_count": 103,
      "outputs": [
        {
          "output_type": "stream",
          "name": "stdout",
          "text": [
            "tensor([[  10,  240,   90],\n",
            "        [ 160,  750,  360],\n",
            "        [ 360, 1190,  640]]) \n",
            "\n",
            "tensor([[  10,  240,   90],\n",
            "        [ 160,  750,  360],\n",
            "        [ 360, 1190,  640]]) \n",
            "\n",
            "tensor([[  10,  240,   90],\n",
            "        [ 160,  750,  360],\n",
            "        [ 360, 1190,  640]]) \n",
            "\n"
          ]
        }
      ]
    },
    {
      "cell_type": "code",
      "source": [
        "# division\n",
        "print('The resultant matrix after division is: \\n',torch.div(a,b))"
      ],
      "metadata": {
        "colab": {
          "base_uri": "https://localhost:8080/"
        },
        "id": "bDvhKiuIjakC",
        "outputId": "ad039887-770b-48a5-d933-445b1ea0264b"
      },
      "execution_count": 104,
      "outputs": [
        {
          "output_type": "stream",
          "name": "stdout",
          "text": [
            "The resultant matrix after division is: \n",
            " tensor([[0.1000, 0.6000, 0.1000],\n",
            "        [0.1000, 0.3000, 0.1000],\n",
            "        [0.1000, 0.2429, 0.1000]])\n"
          ]
        }
      ]
    },
    {
      "cell_type": "code",
      "source": [
        "# inverse\n",
        "# torch.inverse provides the inverse of the input matrix\n",
        "a = torch.rand(7, 7)\n",
        "print(a,'\\n')\n",
        "b = torch.inverse(a)\n",
        "print(b,'\\n')\n",
        "print(a@b)"
      ],
      "metadata": {
        "colab": {
          "base_uri": "https://localhost:8080/"
        },
        "id": "LHRpJz_imWeG",
        "outputId": "a810373c-494a-4957-8962-3e0b0b86244c"
      },
      "execution_count": 105,
      "outputs": [
        {
          "output_type": "stream",
          "name": "stdout",
          "text": [
            "tensor([[0.4094, 0.1481, 0.2686, 0.0541, 0.6161, 0.6357, 0.6726],\n",
            "        [0.6953, 0.8316, 0.2268, 0.2799, 0.8457, 0.8619, 0.8963],\n",
            "        [0.0084, 0.0381, 0.9939, 0.3108, 0.8241, 0.7824, 0.3628],\n",
            "        [0.9517, 0.1386, 0.4040, 0.5678, 0.2655, 0.5043, 0.5175],\n",
            "        [0.7165, 0.0424, 0.3139, 0.8760, 0.4802, 0.6547, 0.7408],\n",
            "        [0.7599, 0.0080, 0.1407, 0.2115, 0.4494, 0.3176, 0.7438],\n",
            "        [0.6228, 0.7439, 0.0093, 0.5205, 0.3151, 0.6263, 0.5172]]) \n",
            "\n",
            "tensor([[ -0.1730,  10.6006,  -4.8955,   6.8608,   4.0334, -10.0051, -12.9653],\n",
            "        [ -1.6954,  -5.4178,   3.2083,  -3.4025,  -3.6801,   6.7266,   8.3450],\n",
            "        [ -1.1170, -13.5888,   7.0618,  -6.1348,  -7.2826,  14.0176,  16.4583],\n",
            "        [ -1.8562,   2.0833,  -0.5099,   0.1104,   2.2922,  -1.5046,  -2.0683],\n",
            "        [ -2.4428,  24.2866,  -9.3601,  10.4444,  10.9133, -20.7911, -28.5275],\n",
            "        [  4.6087,   2.3560,  -2.6309,   3.0900,   1.9911,  -7.0542,  -4.0297],\n",
            "        [  0.4426, -24.4741,  10.5548, -13.4737, -10.7993,  24.8440,  29.5885]]) \n",
            "\n",
            "tensor([[ 1.0000e+00,  2.8902e-06, -1.7036e-06,  2.0987e-07,  2.5375e-06,\n",
            "         -3.0572e-06, -3.8178e-06],\n",
            "        [ 4.0005e-08,  1.0000e+00, -3.6018e-06,  1.9439e-06,  3.3673e-06,\n",
            "         -4.3190e-06, -6.4383e-06],\n",
            "        [-1.9414e-07,  4.6581e-06,  1.0000e+00,  3.2611e-06,  2.4650e-06,\n",
            "         -5.5747e-06, -6.4886e-06],\n",
            "        [ 3.2605e-08,  3.5750e-06, -2.3132e-06,  1.0000e+00,  2.3856e-06,\n",
            "         -4.1998e-06, -6.0115e-06],\n",
            "        [-1.0383e-07,  4.2167e-06, -2.2376e-06,  9.7008e-07,  1.0000e+00,\n",
            "         -3.4683e-06, -3.9283e-06],\n",
            "        [-4.5539e-08,  2.7622e-06, -8.7561e-07, -7.8344e-07,  2.3464e-06,\n",
            "          1.0000e+00, -2.4007e-06],\n",
            "        [ 1.3411e-07,  4.7684e-06, -1.9073e-06,  9.5367e-07,  1.9073e-06,\n",
            "         -2.8610e-06,  1.0000e+00]])\n"
          ]
        }
      ]
    },
    {
      "cell_type": "code",
      "source": [
        "# concatenation\n",
        "\n",
        "# concatenating 2 tensors vertically\n",
        "c = torch.cat((a,b))\n",
        "print('First Tensor: \\n', a, '\\n')\n",
        "print('Second Tensor: \\n', b, '\\n')\n",
        "print('Concatenated Tensor: \\n', c, '\\n')"
      ],
      "metadata": {
        "colab": {
          "base_uri": "https://localhost:8080/"
        },
        "id": "jqqhuLdcjat4",
        "outputId": "22946d67-1e16-42e8-d43c-dae34f05ab73"
      },
      "execution_count": 106,
      "outputs": [
        {
          "output_type": "stream",
          "name": "stdout",
          "text": [
            "First Tensor: \n",
            " tensor([[0.4094, 0.1481, 0.2686, 0.0541, 0.6161, 0.6357, 0.6726],\n",
            "        [0.6953, 0.8316, 0.2268, 0.2799, 0.8457, 0.8619, 0.8963],\n",
            "        [0.0084, 0.0381, 0.9939, 0.3108, 0.8241, 0.7824, 0.3628],\n",
            "        [0.9517, 0.1386, 0.4040, 0.5678, 0.2655, 0.5043, 0.5175],\n",
            "        [0.7165, 0.0424, 0.3139, 0.8760, 0.4802, 0.6547, 0.7408],\n",
            "        [0.7599, 0.0080, 0.1407, 0.2115, 0.4494, 0.3176, 0.7438],\n",
            "        [0.6228, 0.7439, 0.0093, 0.5205, 0.3151, 0.6263, 0.5172]]) \n",
            "\n",
            "Second Tensor: \n",
            " tensor([[ -0.1730,  10.6006,  -4.8955,   6.8608,   4.0334, -10.0051, -12.9653],\n",
            "        [ -1.6954,  -5.4178,   3.2083,  -3.4025,  -3.6801,   6.7266,   8.3450],\n",
            "        [ -1.1170, -13.5888,   7.0618,  -6.1348,  -7.2826,  14.0176,  16.4583],\n",
            "        [ -1.8562,   2.0833,  -0.5099,   0.1104,   2.2922,  -1.5046,  -2.0683],\n",
            "        [ -2.4428,  24.2866,  -9.3601,  10.4444,  10.9133, -20.7911, -28.5275],\n",
            "        [  4.6087,   2.3560,  -2.6309,   3.0900,   1.9911,  -7.0542,  -4.0297],\n",
            "        [  0.4426, -24.4741,  10.5548, -13.4737, -10.7993,  24.8440,  29.5885]]) \n",
            "\n",
            "Concatenated Tensor: \n",
            " tensor([[ 4.0945e-01,  1.4807e-01,  2.6860e-01,  5.4088e-02,  6.1610e-01,\n",
            "          6.3567e-01,  6.7261e-01],\n",
            "        [ 6.9533e-01,  8.3159e-01,  2.2675e-01,  2.7993e-01,  8.4567e-01,\n",
            "          8.6189e-01,  8.9631e-01],\n",
            "        [ 8.3898e-03,  3.8083e-02,  9.9395e-01,  3.1082e-01,  8.2405e-01,\n",
            "          7.8235e-01,  3.6284e-01],\n",
            "        [ 9.5170e-01,  1.3859e-01,  4.0398e-01,  5.6775e-01,  2.6546e-01,\n",
            "          5.0429e-01,  5.1753e-01],\n",
            "        [ 7.1648e-01,  4.2406e-02,  3.1386e-01,  8.7596e-01,  4.8017e-01,\n",
            "          6.5474e-01,  7.4076e-01],\n",
            "        [ 7.5993e-01,  7.9733e-03,  1.4075e-01,  2.1150e-01,  4.4945e-01,\n",
            "          3.1755e-01,  7.4382e-01],\n",
            "        [ 6.2283e-01,  7.4394e-01,  9.3178e-03,  5.2052e-01,  3.1508e-01,\n",
            "          6.2630e-01,  5.1718e-01],\n",
            "        [-1.7298e-01,  1.0601e+01, -4.8955e+00,  6.8608e+00,  4.0334e+00,\n",
            "         -1.0005e+01, -1.2965e+01],\n",
            "        [-1.6954e+00, -5.4178e+00,  3.2083e+00, -3.4025e+00, -3.6801e+00,\n",
            "          6.7266e+00,  8.3450e+00],\n",
            "        [-1.1170e+00, -1.3589e+01,  7.0618e+00, -6.1348e+00, -7.2826e+00,\n",
            "          1.4018e+01,  1.6458e+01],\n",
            "        [-1.8562e+00,  2.0833e+00, -5.0985e-01,  1.1035e-01,  2.2922e+00,\n",
            "         -1.5046e+00, -2.0683e+00],\n",
            "        [-2.4428e+00,  2.4287e+01, -9.3601e+00,  1.0444e+01,  1.0913e+01,\n",
            "         -2.0791e+01, -2.8527e+01],\n",
            "        [ 4.6087e+00,  2.3560e+00, -2.6309e+00,  3.0900e+00,  1.9911e+00,\n",
            "         -7.0542e+00, -4.0297e+00],\n",
            "        [ 4.4257e-01, -2.4474e+01,  1.0555e+01, -1.3474e+01, -1.0799e+01,\n",
            "          2.4844e+01,  2.9588e+01]]) \n",
            "\n"
          ]
        }
      ]
    },
    {
      "cell_type": "code",
      "source": [
        "# concatenating 2 tensors horizontally\n",
        "c = torch.cat((a,b), dim = 1)\n",
        "print('Concatenated Tensor: \\n', c, '\\n')"
      ],
      "metadata": {
        "colab": {
          "base_uri": "https://localhost:8080/"
        },
        "id": "x1g_Um8tktgI",
        "outputId": "a1dd7619-fe77-40dc-99a1-81fba03b0edc"
      },
      "execution_count": 107,
      "outputs": [
        {
          "output_type": "stream",
          "name": "stdout",
          "text": [
            "Concatenated Tensor: \n",
            " tensor([[ 4.0945e-01,  1.4807e-01,  2.6860e-01,  5.4088e-02,  6.1610e-01,\n",
            "          6.3567e-01,  6.7261e-01, -1.7298e-01,  1.0601e+01, -4.8955e+00,\n",
            "          6.8608e+00,  4.0334e+00, -1.0005e+01, -1.2965e+01],\n",
            "        [ 6.9533e-01,  8.3159e-01,  2.2675e-01,  2.7993e-01,  8.4567e-01,\n",
            "          8.6189e-01,  8.9631e-01, -1.6954e+00, -5.4178e+00,  3.2083e+00,\n",
            "         -3.4025e+00, -3.6801e+00,  6.7266e+00,  8.3450e+00],\n",
            "        [ 8.3898e-03,  3.8083e-02,  9.9395e-01,  3.1082e-01,  8.2405e-01,\n",
            "          7.8235e-01,  3.6284e-01, -1.1170e+00, -1.3589e+01,  7.0618e+00,\n",
            "         -6.1348e+00, -7.2826e+00,  1.4018e+01,  1.6458e+01],\n",
            "        [ 9.5170e-01,  1.3859e-01,  4.0398e-01,  5.6775e-01,  2.6546e-01,\n",
            "          5.0429e-01,  5.1753e-01, -1.8562e+00,  2.0833e+00, -5.0985e-01,\n",
            "          1.1035e-01,  2.2922e+00, -1.5046e+00, -2.0683e+00],\n",
            "        [ 7.1648e-01,  4.2406e-02,  3.1386e-01,  8.7596e-01,  4.8017e-01,\n",
            "          6.5474e-01,  7.4076e-01, -2.4428e+00,  2.4287e+01, -9.3601e+00,\n",
            "          1.0444e+01,  1.0913e+01, -2.0791e+01, -2.8527e+01],\n",
            "        [ 7.5993e-01,  7.9733e-03,  1.4075e-01,  2.1150e-01,  4.4945e-01,\n",
            "          3.1755e-01,  7.4382e-01,  4.6087e+00,  2.3560e+00, -2.6309e+00,\n",
            "          3.0900e+00,  1.9911e+00, -7.0542e+00, -4.0297e+00],\n",
            "        [ 6.2283e-01,  7.4394e-01,  9.3178e-03,  5.2052e-01,  3.1508e-01,\n",
            "          6.2630e-01,  5.1718e-01,  4.4257e-01, -2.4474e+01,  1.0555e+01,\n",
            "         -1.3474e+01, -1.0799e+01,  2.4844e+01,  2.9588e+01]]) \n",
            "\n"
          ]
        }
      ]
    },
    {
      "cell_type": "markdown",
      "source": [
        "By providing the ***dim*** parameter to 1, two tensors can be concatenated horizontally. We can perform this operation with number of tensors but we just have to make sure that the sizes of the tensors in the direction of the concatenation should be equal. "
      ],
      "metadata": {
        "id": "kWjIKD3DhD6i"
      }
    },
    {
      "cell_type": "markdown",
      "source": [
        "## **Einsum Operations**"
      ],
      "metadata": {
        "id": "p31Loecam3qD"
      }
    },
    {
      "cell_type": "markdown",
      "source": [
        "### **Outer Product**"
      ],
      "metadata": {
        "id": "aWKAL8_YnHj1"
      }
    },
    {
      "cell_type": "code",
      "source": [
        "a = torch.randn(7)\n",
        "b = torch.randn(8)\n",
        "outer_prod = torch.einsum('i,j->ij', a,b)\n",
        "print('The outer product of a & b is:\\n', outer_prod)"
      ],
      "metadata": {
        "colab": {
          "base_uri": "https://localhost:8080/"
        },
        "id": "cOINzCIgnKGl",
        "outputId": "0728a2b9-3b0c-4ae2-9161-57a7875ebda5"
      },
      "execution_count": 108,
      "outputs": [
        {
          "output_type": "stream",
          "name": "stdout",
          "text": [
            "The outer product of a & b is:\n",
            " tensor([[-0.4836, -1.4250, -0.5651,  0.3457,  0.3690, -1.3707, -0.1158, -1.5470],\n",
            "        [-0.3203, -0.9437, -0.3743,  0.2290,  0.2444, -0.9078, -0.0767, -1.0246],\n",
            "        [-0.4696, -1.3836, -0.5487,  0.3357,  0.3583, -1.3308, -0.1124, -1.5021],\n",
            "        [ 0.0229,  0.0676,  0.0268, -0.0164, -0.0175,  0.0650,  0.0055,  0.0734],\n",
            "        [-0.0816, -0.2404, -0.0953,  0.0583,  0.0623, -0.2313, -0.0195, -0.2610],\n",
            "        [-0.1350, -0.3976, -0.1577,  0.0965,  0.1030, -0.3825, -0.0323, -0.4317],\n",
            "        [ 0.1202,  0.3540,  0.1404, -0.0859, -0.0917,  0.3405,  0.0288,  0.3844]])\n"
          ]
        }
      ]
    },
    {
      "cell_type": "markdown",
      "source": [
        "### **Diagonal**"
      ],
      "metadata": {
        "id": "N22_iQt5oJCr"
      }
    },
    {
      "cell_type": "code",
      "source": [
        "a = torch.randn(4,4)\n",
        "# diagonal\n",
        "diag = torch.einsum('ii->i', a)\n",
        "print('Original matrix: \\n', a, '\\n')\n",
        "print('Diagonal values: \\n', diag)"
      ],
      "metadata": {
        "colab": {
          "base_uri": "https://localhost:8080/"
        },
        "id": "3QbliGzgoQn4",
        "outputId": "b820e84e-0f63-4a5e-bc23-09baa3bd0742"
      },
      "execution_count": 109,
      "outputs": [
        {
          "output_type": "stream",
          "name": "stdout",
          "text": [
            "Original matrix: \n",
            " tensor([[ 0.9538,  0.2452,  0.8444,  0.8822],\n",
            "        [-1.5615, -0.8985,  0.6918, -0.6780],\n",
            "        [-1.0887, -1.3025,  0.7164,  0.5602],\n",
            "        [ 0.5513, -1.0012,  0.5408, -0.0391]]) \n",
            "\n",
            "Diagonal values: \n",
            " tensor([ 0.9538, -0.8985,  0.7164, -0.0391])\n"
          ]
        }
      ]
    },
    {
      "cell_type": "markdown",
      "source": [
        "### **Batch Diagonal**"
      ],
      "metadata": {
        "id": "wyN4gC35oP9i"
      }
    },
    {
      "cell_type": "code",
      "source": [
        "a = torch.randn(4,2,2)\n",
        "diag = torch.einsum('...ii->...i', a)\n",
        "print('Original matrix: \\n', a, '\\n')\n",
        "print('Diagonal values: \\n', diag)"
      ],
      "metadata": {
        "colab": {
          "base_uri": "https://localhost:8080/"
        },
        "id": "_YGM9oyxo8do",
        "outputId": "dc9caa25-a28d-4c20-c459-a1a1f3479c81"
      },
      "execution_count": 110,
      "outputs": [
        {
          "output_type": "stream",
          "name": "stdout",
          "text": [
            "Original matrix: \n",
            " tensor([[[ 0.4518, -0.3787],\n",
            "         [-0.1293,  0.3824]],\n",
            "\n",
            "        [[-0.6235, -1.2724],\n",
            "         [-0.8765,  0.4022]],\n",
            "\n",
            "        [[ 0.2230,  1.4326],\n",
            "         [ 1.3452, -0.5901]],\n",
            "\n",
            "        [[-1.4139, -0.7924],\n",
            "         [ 0.1980, -0.0091]]]) \n",
            "\n",
            "Diagonal values: \n",
            " tensor([[ 0.4518,  0.3824],\n",
            "        [-0.6235,  0.4022],\n",
            "        [ 0.2230, -0.5901],\n",
            "        [-1.4139, -0.0091]])\n"
          ]
        }
      ]
    },
    {
      "cell_type": "markdown",
      "source": [
        "### **Element wise Cube**"
      ],
      "metadata": {
        "id": "GB9J8gYrphLO"
      }
    },
    {
      "cell_type": "code",
      "source": [
        "a = torch.tensor([[1,2,3],\n",
        "                    [4,5,6],\n",
        "                    [6,7,8]])\n",
        "cube = torch.einsum('ij,ij,ij-> ij', a,a,a)\n",
        "cube"
      ],
      "metadata": {
        "colab": {
          "base_uri": "https://localhost:8080/"
        },
        "id": "yTHoIFcipkJy",
        "outputId": "583c93f8-041c-4005-8abb-131b8e6887cd"
      },
      "execution_count": 111,
      "outputs": [
        {
          "output_type": "execute_result",
          "data": {
            "text/plain": [
              "tensor([[  1,   8,  27],\n",
              "        [ 64, 125, 216],\n",
              "        [216, 343, 512]])"
            ]
          },
          "metadata": {},
          "execution_count": 111
        }
      ]
    },
    {
      "cell_type": "markdown",
      "source": [
        "### **Element wise multiplication**"
      ],
      "metadata": {
        "id": "fjVWRhS1qZCT"
      }
    },
    {
      "cell_type": "code",
      "source": [
        "a = torch.tensor([[1,2,3],\n",
        "                    [4,5,6],\n",
        "                    [6,7,8]])\n",
        "b = torch.tensor([[11,12,3],\n",
        "                    [40,10,6],\n",
        "                    [6,7,8]])\n",
        "torch.einsum('ij,ij-> ij', a,b)"
      ],
      "metadata": {
        "colab": {
          "base_uri": "https://localhost:8080/"
        },
        "id": "5tqK4YFwqcmu",
        "outputId": "e71ae501-2b15-4823-d7df-8b0f8f758c11"
      },
      "execution_count": 112,
      "outputs": [
        {
          "output_type": "execute_result",
          "data": {
            "text/plain": [
              "tensor([[ 11,  24,   9],\n",
              "        [160,  50,  36],\n",
              "        [ 36,  49,  64]])"
            ]
          },
          "metadata": {},
          "execution_count": 112
        }
      ]
    },
    {
      "cell_type": "markdown",
      "source": [
        "### **Matrix Transpose**"
      ],
      "metadata": {
        "id": "ZneYYzN8q4l4"
      }
    },
    {
      "cell_type": "code",
      "source": [
        "a = torch.tensor([[1,2,3],\n",
        "                    [4,5,6],\n",
        "                    [6,7,8]])\n",
        "print('Original matrix \\n', a,'\\n')\n",
        "print('Transposed matrix \\n', torch.transpose(a, 1,0))"
      ],
      "metadata": {
        "colab": {
          "base_uri": "https://localhost:8080/"
        },
        "id": "cHuOdxtCq7Yo",
        "outputId": "719c468d-aa11-4472-952d-6e7673fb5995"
      },
      "execution_count": 113,
      "outputs": [
        {
          "output_type": "stream",
          "name": "stdout",
          "text": [
            "Original matrix \n",
            " tensor([[1, 2, 3],\n",
            "        [4, 5, 6],\n",
            "        [6, 7, 8]]) \n",
            "\n",
            "Transposed matrix \n",
            " tensor([[1, 4, 6],\n",
            "        [2, 5, 7],\n",
            "        [3, 6, 8]])\n"
          ]
        }
      ]
    },
    {
      "cell_type": "markdown",
      "source": [
        "### **Sum of main diagonal element**"
      ],
      "metadata": {
        "id": "etSFJcu7raG0"
      }
    },
    {
      "cell_type": "code",
      "source": [
        "a = torch.tensor([[1,2,3],\n",
        "                    [4,5,6],\n",
        "                    [6,7,8]])\n",
        "torch.einsum('ii->', a)"
      ],
      "metadata": {
        "colab": {
          "base_uri": "https://localhost:8080/"
        },
        "id": "E18hCayqreto",
        "outputId": "a463f279-309c-4335-9065-c4543d26bbd7"
      },
      "execution_count": 114,
      "outputs": [
        {
          "output_type": "execute_result",
          "data": {
            "text/plain": [
              "tensor(14)"
            ]
          },
          "metadata": {},
          "execution_count": 114
        }
      ]
    },
    {
      "cell_type": "markdown",
      "source": [
        "### **Sum along axis 2**"
      ],
      "metadata": {
        "id": "mmWqOxxUr4vh"
      }
    },
    {
      "cell_type": "code",
      "source": [
        "a = torch.arange(2*4*3).reshape(2,4,3)\n",
        "print(a)\n",
        "torch.einsum('ijk->ij', a)"
      ],
      "metadata": {
        "colab": {
          "base_uri": "https://localhost:8080/"
        },
        "id": "3-XZg_bUr7a5",
        "outputId": "202b9bc1-8241-4f5a-9fe4-0373c304ab2d"
      },
      "execution_count": 115,
      "outputs": [
        {
          "output_type": "stream",
          "name": "stdout",
          "text": [
            "tensor([[[ 0,  1,  2],\n",
            "         [ 3,  4,  5],\n",
            "         [ 6,  7,  8],\n",
            "         [ 9, 10, 11]],\n",
            "\n",
            "        [[12, 13, 14],\n",
            "         [15, 16, 17],\n",
            "         [18, 19, 20],\n",
            "         [21, 22, 23]]])\n"
          ]
        },
        {
          "output_type": "execute_result",
          "data": {
            "text/plain": [
              "tensor([[ 3, 12, 21, 30],\n",
              "        [39, 48, 57, 66]])"
            ]
          },
          "metadata": {},
          "execution_count": 115
